# Created by Octave 7.3.0, Wed Jan 11 13:02:39 2023 IST <yash@haribol64>
# name: ans
# type: scalar
6


# name: i
# type: scalar
6


# name: n
# type: scalar
6


# name: nPr
# type: matrix
# rows: 1
# columns: 7
 1 6 30 120 360 720 720


# name: r
# type: double_range
# base, limit, increment
0 6 1


